28.480000000000004 6.663847528332872e-05 3.845719645925437e-05 4.0673291884969435e-09 7.101155165993461e-05 3.4028115867404282e-09 0.83314355 0.3654815740440114 0.32975474768485424 0.39915722008186877
33.9011 0.0006050631771736283 0.0006319321371899829 7.060537277355975e-08 0.0005964883609761134 3.1017892713535716e-08 0.35124835 0.2978058017733587 0.2807400309515734 0.3144150835375066
32.644400000000005 4.6788716688294635e-05 5.5343209861603825e-05 2.7521925920851403e-09 6.565158562020017e-05 1.7984771868965404e-09 0.6354881499999999 0.3678484590321861 0.3205335185685207 0.41163718442621916
35.70869999999999 4.7143176663205954e-05 5.257747185981919e-05 4.6234154882002995e-09 5.6745638852090816e-05 2.435035605856886e-09 0.7134361 0.37222168643583553 0.31998513714850507 0.4201814354964722
34.320499999999996 0.0007379856677653744 0.0007361682930224773 4.91030933278255e-08 0.0007083368299837495 2.761513392634257e-08 0.33708605 0.292035599293044 0.2754391044503043 0.3082020409228587
36.1758 9.995771292499308e-05 8.583322074476421e-05 4.417415231705705e-09 9.40644310388438e-05 4.070553093956923e-09 0.5836305 0.35692984561662877 0.3234687367299872 0.3885991831756091
32.05 0.00013859385019032727 0.0001265202036809195 1.1135890410426566e-08 0.00014024250952597719 7.9771708627112e-09 0.5642127499999999 0.3445824296120389 0.31351636254351456 0.3741150853688169
34.269999999999996 0.00014603750966346506 0.00015469437930800932 9.509353762252847e-09 0.00014562620189454925 5.914615589647627e-09 0.46841090000000013 0.3434056820078948 0.3097131000871113 0.37530568552474847
34.791700000000006 0.00010137555282463837 8.659540347250941e-05 3.1445004317632026e-09 9.404443684667203e-05 2.4313141088047826e-09 0.54811525 0.3569363553237652 0.31926994529436536 0.3923507323897824
36.6 2.374881831905864e-05 2.2704437895750285e-05 1.3817372794624233e-09 1.9523920286987843e-05 5.647963997720174e-10 0.834825 0.4033202666916047 0.3347010698979911 0.4645314832409782
