2821193
0.1 1e-05 0.11056847227396353 0.10319051288685374 0.002968735040833832 0.08681383194981698 0.010718199386575594
2821193
0.2 1e-05 0.2073073341667869 0.1919398666884855 0.005882620306758438 0.16852096790258592 0.014890734427578258
2821193
0.30000000000000004 1e-05 0.30683827728198676 0.32396314734990406 0.006987615295545241 0.2910816718317393 0.028451473310836917
2821193
0.4 1e-05 0.40711642202429965 0.4347175497566164 0.0062871665036475675 0.44428255174318104 0.03158087459158891
2821193
0.5 1e-05 0.5073888954070139 0.5479862512338893 0.010054570653979116 0.5770566476664305 0.060788619878607564
2821193
0.6000000000000001 1e-05 0.6078471058165819 0.6078194073372626 0.0076239378612230745 0.6485503916251033 0.058702352358106225
2821193
0.7000000000000001 1e-05 0.7042570288526875 0.7044175546554576 0.008346738618690798 0.7353642235749203 0.08303344731595302
2821193
0.8 1e-05 0.8003830294488892 0.8081333303890219 0.0048717934138167735 0.8170713595276892 0.07510563073804796
2821193
0.9 1e-05 0.8996973975194182 0.8911552509416021 0.004478791250881768 0.9140985834716021 0.07560111927416704
